786135040,3
443954689,9
1821172228,17
426834006,129
251272199,1
657437192,1
254577165,1
2144097294,65
207376,1
398414353,1
301370386,1
760094227,1
989801494,1
1334955546,1
821179932,1
657055493,1
1233570849,3
137128795,3
22735908,1
261964325,1
2060317734,1
1093745585,1
503204163,1
805602994,3
1910804225,1
605981192,1
882221106,1
551042142,3
485520951,3
69137466,1
1065914178,3
800727103,1
852101696,1
1355271474,65
661233743,65
1199114832,9
362055761,1
886365266,1
1273471574,1
246936151,1
1744184923,1
1503241822,1
1693229151,9
1292799591,1
1202288744,1
610432105,17
332686956,1
1158937874,33
1060135022,3
1603417712,1
357545585,33
1638829173,1
1431778921,65
2087932607,1
803627644,1
781097086,1
156993664,9
47259777,1
375854213,1
1443633798,1
796135559,1
455305,1
1549552778,1
1899430539,9
639222413,3
46223,1
1630038673,17
920758418,17
1547123860,1
144145045,1
352080027,9
115998364,1
588491290,1
39070366,1
1530705056,1
1802128548,9
337478822,3
1056502952,1
863178268,1
220204231,3
267574956,1
1283065005,1
662286000,1
521900721,1
851003058,1
893854067,1
528496822,1
1831028169,1
1821152440,1
617349817,9
1530054330,1
1490423483,1
85889724,9
591149245,17
2071641278,1
858770549,1
321943232,1
804038,1
530392775,1
311273162,1
1562187350,1
436588749,1
340025550,1
1125547727,1
1409798353,1
692420306,1
2131629779,3
853045460,1
1012212438,3
1768175481,1
631828048,1
994970330,3
1027803,1
1995849436,1
957909727,1
754713824,1
961880801,1
276233445,1
381517543,3
263886056,1
1683337963,1
1527090925,1
640101757,1
1971004444,1
2026209521,3
70067443,1
1828352757,1
1061137984,1
680031700,1
835188303,1
830362303,1
1769177216,3
1857624322,1
1589303045,9
37256970,1
435454733,1
358115599,1
1442452241,3
1342642962,17
1770550574,1
905168152,1
2109611801,1
1534657306,9
506409756,1
1561502493,1
942454558,1
836466213,1
278523681,1
1513719077,1
2046855346,1
835351940,65
1173050667,1
1337441580,1
1667249453,1
1979328814,1
1456325334,1
1427147058,1
908835636,1
122585911,9
773888312,3
1050448186,1
1544979260,3
549841802,17
1298486082,9
1625679499,129
432618308,9
1489426145,1
261143632,1
638848826,1
910075780,3
1914474317,3
1914232654,1
640407888,1
1071718230,1
1997789019,1
890356282,1
428943198,1
394164579,1
846919525,1
785457510,1
2025457809,1
1369434987,1
468777836,3
1557745011,1
658998232,1
129925493,1
1944125588,1
657796474,1
1378585981,1
1000428417,1
1253946756,1
995770774,1
2097219978,1
462921099,9
788262210,1
261785491,1
304202646,9
330450839,1
997339545,3
1080298909,3
1158608287,65
1915356054,1
1632226210,1
1297340059,1
1094299556,1
555150739,5
1899534759,33
1350490027,1
1929529261,9
104450990,17
981147568,1
1809219505,1
3507,1
463461534,9
1099465142,1
1236579767,1
1562333624,3
2007184313,1
588123580,9
1914109376,3
695821573,1
200001975,1
525983174,1
1776598984,1
1302212553,1
737403852,3
2118755792,1
1210884049,1
1300580306,1
1270946723,1
2066894804,9
1431236713,3
1715258840,1
245289099,9
238788570,1
1048041435,1
1906176395,17
988337118,9
2059817440,1
1624380897,9
1961720802,1
829662715,1
2095997094,1
1003773521,3
547890582,3
206669801,1
670452202,1
1622710252,1
1493889006,1
1938742767,3
172085233,1
895016286,1
208838135,1
1164053722,3
1818542585,3
1106345979,1
1104475646,1
